[gd_scene load_steps=11 format=3 uid="uid://b8uwreb6p7q7t"]

[ext_resource type="PrismMesh" uid="uid://dhx02jtjgjej3" path="res://ship_mesh.tres" id="1_egssx"]
[ext_resource type="Script" path="res://SpaceShip.gd" id="1_tqb83"]
[ext_resource type="Script" path="res://Camera3D.gd" id="1_ypfkj"]
[ext_resource type="Texture2D" uid="uid://g4qsusvti1nm" path="res://reticle.png" id="2_4xnif"]
[ext_resource type="PackedScene" uid="uid://c1y23e6o76eos" path="res://asteroid_impact_particles.tscn" id="2_mxf7q"]
[ext_resource type="Script" path="res://SpaceShipSpringArm.gd" id="5_knfht"]
[ext_resource type="Script" path="res://Spawner.gd" id="6_oqd8v"]
[ext_resource type="Script" path="res://HitReticle.gd" id="7_2w2p8"]

[sub_resource type="Environment" id="Environment_ne660"]
background_mode = 1
background_color = Color(0.0807833, 0.0807833, 0.0807833, 1)
ambient_light_source = 2
ambient_light_color = Color(1, 1, 1, 1)
ambient_light_energy = 0.25

[sub_resource type="BoxShape3D" id="BoxShape3D_vtxrg"]

[node name="Node3D" type="Node3D"]

[node name="Camera3D" type="Camera3D" parent="." node_paths=PackedStringArray("marker")]
transform = Transform3D(-1, -5.16435e-08, 1.4189e-07, -3.55271e-15, 0.939693, 0.34202, -1.50996e-07, 0.34202, -0.939693, 0, 0, 0)
environment = SubResource("Environment_ne660")
current = true
script = ExtResource("1_ypfkj")
marker = NodePath("../SpaceShip/SpringArm3D/FollowPos")

[node name="DirectionalLight3D" type="DirectionalLight3D" parent="Camera3D"]
transform = Transform3D(-1, -6.18172e-08, -6.18172e-08, 2.26267e-08, -0.866025, 0.5, -8.44439e-08, 0.5, 0.866026, 5.24537e-07, 3.0018, -5.40733)

[node name="CPUParticles3D" parent="." instance=ExtResource("2_mxf7q")]

[node name="SpaceShip" type="CharacterBody3D" parent="."]
script = ExtResource("1_tqb83")
speed = 20.0

[node name="MeshInstance3D" type="MeshInstance3D" parent="SpaceShip"]
transform = Transform3D(1, 0, 0, 0, -4.37114e-08, -1, 0, 1, -4.37114e-08, 0, 0, 0)
mesh = ExtResource("1_egssx")
skeleton = NodePath("../..")

[node name="CollisionShape3D" type="CollisionShape3D" parent="SpaceShip"]
shape = SubResource("BoxShape3D_vtxrg")

[node name="SpringArm3D" type="SpringArm3D" parent="SpaceShip"]
transform = Transform3D(-1, -5.16436e-08, 1.4189e-07, 0, 0.939693, 0.34202, -1.50996e-07, 0.34202, -0.939693, 0, 0, 0)
spring_length = 6.0
script = ExtResource("5_knfht")

[node name="FollowPos" type="Marker3D" parent="SpaceShip/SpringArm3D"]
transform = Transform3D(1, -1.06546e-11, 4.27036e-11, 0, 1, -3.27826e-07, 0, 3.27826e-07, 1, 0, 0, 0)

[node name="BulletOrigin" type="Marker3D" parent="SpaceShip"]

[node name="FocalPoint" type="Marker3D" parent="SpaceShip"]
transform = Transform3D(1, 0, 0, 0, 1, 0, 0, 0, 1, 0, 0, 3)

[node name="Spawner" type="Node3D" parent="."]
script = ExtResource("6_oqd8v")

[node name="Sprite2D" type="Sprite2D" parent="."]
texture_filter = 1
scale = Vector2(2.5, 2.5)
texture = ExtResource("2_4xnif")
script = ExtResource("7_2w2p8")
